1600415
1600482
1600483
1601124
1601218
1603038
1604006
1606092
1630110
1632029
1670032
1702047
1704095
1704102
1704120
1704121
1705040
1710009
1724161
1820005
1851079
1870017
1900208
1900234
1900241
1900247
1900248
1901037
1901075
1902106
1902139
1902256
1903016
1910140
1910142
1910153
1911017
1912104
1920139
1920196
1920223
1920226
1922031
1930366
1930387
1930420
1930450
1930452
1930453
1932203
1932208
1933219
1940050
1950266
1950332
1950720
1950725
1950727
1950733
1952195
1954023
1962066
1962071
1962073
1971030
1980019
1981101
1982025
1982036
2036183
2210070
2211185
2211243
2230018
3000570
3001117
3001138
3002056
3011062
3011093
3011094
3101132
3101144
3101153
3101156
3101157
3101183
3104105
3120133
3130143
3215831
3216341
4030172
5001234
5001243
5001246
5001247
5001248
5001251
5001256
5001258
5001259
5001260
5001261
5001267
5001274
5001275
5001284
5002004
5002021
5003013
5003018
5003025
5004036
5004037
5005015
5006009
5006082
5006143
5006183
5006194
5006216
5011034
5011039
5012472
5012481
5012485
5012501
5012513
5012518
5012547
5012561
5012608
5012620
5012660
5013338
5021440
5021498
5022972
5022985
5024414
5024482
5024598
5024609
5024610
5024614
5024619
5024625
5024638
5024653
5024654
5025042
5025072
5025192
5025249
5025262
5026152
5026209
5026210
5026211
5026225
5026228
5028518
5028670
5032106
5032132
5034073
5035111
5036023
5036136
5036174
5036176
5036184
5036196
5036205
5036209
5036211
5036212
5036282
5036283
5036285
5036293
5036311
5036312
5036335
5040184
5040255
5040361
5040384
5040388
5040389
5040395
5040405
5041056
5041067
5054043
5054055
5054076
5060172
5060358
5060363
5060371
5060381
5060382
5060388
5060390
5060407
5062052
5062073
5062095
5062102
5062120
5064017
5067015
5069283
5069336
5069431
5069453
5069459
5069471
5069528
5069552
5069586
5070515
5071131
5072078
5072097
5073058
5073061
5073062
5077123
5090565
5091214
5091297
5091322
5091415
5092003
5092063
5092064
5092153
5092155
5092158
5092202
5092231
5092240
5092258
5092278
5092279
5092283
5092290
5092293
5092294
5092314
5092367
5093248
5093255
5093271
5093278
5093289
5093290
5093300
5093302
5093304
5093307
5093320
5093334
5093335
5093336
5093337
5093380
5093400
5110193
5120025
5120050
5120200
5130071
5130078
5130096
5130122
5130128
5130223
5130230
5130237
5130243
5150015
5150043
5150074
5810156
5810190
5880102
5880107
5880115
5880117
5880118
5880119
5880121
5880127
5880137
5882169
5882251
5882279
5882281
5882283
5882287
5882290
1530131
1530156
1530210
1530236
1530237
1530256
1530282
1530348
1530419
1530426
1530441
1530453
1530454
1530456
1530459
1530461
1530467
1530477
1530489
1530503
1530507
1530508
1530509
1530523
1530532
1531120
1600405
1606059
1720074
1724178
1724206
1724237
1881075
1900137
1900239
1901020
1902140
1902249
1910110
1910146
1910151
1912087
1912088
1912105
1913020
1920225
1922055
1923044
1930299
1930435
1930447
1932179
1932189
1950723
1950724
1950728
1951077
1951079
1961100
1980039
1980056
2030202
2031084
3000551
3011095
3011096
3012138
3013019
3101187
3112051
3115060
3119030
3120118
3121025
3122079
3122227
3123042
3130124
3130144
3130173
3204096
3204103
3217198
3217329
4000431
4000452
4000464
4000466
4030057
4030102
4030104
5000013
5001089
5001173
5001175
5001190
5001196
5001200
5001202
5001211
5001213
5001215
5001216
5001219
5001222
5001225
5001231
5001233
5001237
5001238
5001239
5001240
5001244
5001255
5001262
5003021
5004018
5004034
5006063
5006136
5006173
5006182
5006188
5006195
5006204
5006205
5006206
5006215
5006222
5006227
5006235
5011076
5011093
5012019
5012049
5012087
5012111
5012469
5012496
5012529
5012531
5012541
5012568
5012583
5012588
5012596
5012602
5012609
5012611
5012612
5012614
5012615
5012621
5012623
5012629
5012630
5012633
5012640
5012643
5012665
5013049
5013083
5013170
5013204
5013205
5013226
5013262
5013270
5013272
5013273
5013277
5013278
5013279
5013281
5013297
5013307
5013308
5013322
5013323
5013324
5013332
5013340
5013341
5013352
5013353
5013354
5013363
5013369
5013380
5013381
5014004
5014022
5021262
5021410
5021411
5021412
5021426
5021443
5021448
5021459
5021463
5021473
5021476
5021479
5021480
5021481
5021482
5022219
5022573
5022582
5022672
5022765
5022836
5022950
5022951
5022965
5022968
5022969
5022970
5022971
5022975
5022996
5023192
5023321
5023476
5023757
5023774
5023905
5023917
5023975
5023984
5023991
5024370
5024385
5024406
5024458
5024531
5024546
5024557
5024576
5024580
5024596
5024605
5024621
5024630
5025177
5025193
5025200
5025206
5025208
5025221
5025244
5025250
5025255
5025263
5026198
5028662
5028772
5030025
5031051
5032084
5033155
5033189
5035149
5036021
5036066
5036093
5036095
5036109
5036135
5040250
5040306
5040316
5040317
5040329
5040335
5040349
5040412
5040420
5041072
5042018
5043015
5043089
5043095
5043105
5043111
5044052
5044073
5044078
5044086
5053064
5053067
5053070
5054058
5060225
5060232
5060266
5060305
5060403
5060404
5062063
5062100
5062101
5062119
5063028
5069519
5069520
5069521
5069561
5069573
5069582
5069662
5069665
5069713
5069725
5069731
5069735
5069736
5069737
5069739
5069759
5069763
5069782
5069797
5069823
5069828
5069861
5069866
5069868
5069870
5069884
5069885
5069886
5069887
5069888
5069889
5069892
5069916
5069921
5069925
5069956
5069957
5069961
5069971
5070507
5073069
5073070
5075021
5077132
5080016
5080115
5080119
5090097
5090230
5090330
5090538
5090574
5090639
5090668
5090700
5090709
5090773
5090780
5090818
5090821
5090825
5090828
5090830
5090912
5090919
5090925
5090932
5090947
5090962
5090990
5090991
5090992
5090999
5091186
5091316
5091321
5091417
5092002
5092084
5092088
5092090
5092102
5092203
5092266
5092306
5092381
5093071
5093116
5093132
5093146
5093168
5093172
5093173
5093191
5093221
5093253
5093256
5093274
5093279
5093283
5093286
5093306
5093368
5093394
5093425
5093429
5093431
5093441
5093509
5093510
5110135
5110153
5130129
5130200
5130210
5130220
5150106
5150228
5150241
5150322
5150345
5150349
5150365
5150386
5150387
5150389
5150392
5150393
5150394
5150395
5150396
5150425
5200046
5210216
5210259
5210419
5211124
5211150
5211194
5230061
5230103
5230107
5231137
5231285
5240060
5240074
5240169
5240170
5240171
5240172
5240174
5243417
5243428
5243448
5243473
5243478
5243563
5243612
5243672
5243678
5243693
5243770
5243834
5243957
5244001
5244015
5244035
5244043
5244049
5244050
5244058
5244066
5244071
5244167
5244170
5244233
5244259
5244352
5244395
5244414
5244433
5244435
5244449
5244464
5244465
5244478
5244489
5244506
5310133
5310251
5310283
5312551
5313111
5321221
5321248
5340018
5340019
5343046
5343054
5343055
5343062
5343069
5343080
5400154
5400170
5400189
5400207
5400210
5402019
5402020
5402025
5402032
5402034
5402035
5402036
5402037
5402038
5403024
5403028
5601475
5601495
5601579
5601612
5602139
5602182
5602184
5604042
5604091
5604147
5604153
5606044
5606055
5606056
5608396
5608427
5608447
5608470
5608474
5608476
5608477
5608612
5608614
5608679
5608716
5608718
5608719
5608729
5608737
5608755
5608764
5608770
5608772
5608785
5608788
5608789
5608791
5608793
5608823
5608839
5608915
5610085
5610151
5610153
5610161
5610162
5610166
5610167
5610180
5610182
5610184
5610196
5611128
5611133
5611134
5612082
5612092
5612125
5612129
5700154
5700486
5700509
5700514
5700516
5700554
5700566
5703099
5703145
5704010
5704051
5705007
5705059
5706287
5706294
5706295
5710094
5710179
5710183
5710314
5710316
5710321
5710329
5714007
5714061
5810131
5810172
5810188
5820054
5820061
5820068
5820078
5820083
5820084
5821025
5821044
5821048
5821058
5821063
5830004
5850069
5880082
5880100
5880113
5880123
5880135
5882180
5882230
5882254
5882264
5882268
5882269
5882278
5882291
5882293
5882294
5882295
5882296
5882297
5890196
5890201
5890246
5890316
5890351
5890355
5890367
5890373
5890387
5890396
5890397
5890399
5890432
5890439
5890445
5890447
5890451
5890452
5890461
5890463
5890468
5890469
5890474
5890477
5891031
5891034
5891035
5891036
5891037
5893023
5893033
5893034
5911091
5912078
5930015
5930116
5930117
5930122
5930129
5930133
5930140
5930142
5930151
5930159
5930165
5930166
5930168
5930169
5930170
5930180
5932099
5933000
5933001
5933003
5933004
5933005
5933010
5933014
5933016
5933017
5940041
5950299
6010045
6010055
6010096
6010097
6020041
6020053
6030017
6030036
6030083
6030100
6030187
6030190
6030196
6030203
6030223
6030224
6030225
6030232
6040013
6040026
6040038
6040053
6040064
6040066
6210036
6210063
6210065
6220038
6220040
6220049
6220053
6220057
6220060
6220069