3085
2608
2879
1639
3380
1256
2814
1581
4707
4325
1895
4323
4857
2951
4440
3013
2241
1668
2755
1045
3027
2891
4471
4778
4291
872
3083
1667
4476
1806
964
1876
4704
1255
1662
975
4284
2550
4553
1839
4807
4806
4781
1322
801
803
1803
2958
4438
817
818
936
819
813
1541
1795
1002
3430
3231
889
785
1943
3283
2965
4543
4504
4755
797
805
808
787
786
2964
4137
1058
1636
788
4426
3244
4258
2764
4782
3212
1837
806
1887
3005
1800
1585
1646
3221
1016
4720
2940
2934
2932
2931
4362
1277
1278
1276
2175
941
3300
4474
2734
4835
4847
4157
3028
4308
4508
4510
1922
2602
3237
4455
4439
2468
4280
3499
4168
2776
1458
3124
4154
1130
4145
2721
912
3045
2882
1053
966
4292
2809
1001
948
4274
4803
4185
984
1999
1190
4195
4196
2603
3357
998
1707
3205
3219
4236
1267
1176
4429
4334
881
1352
1351
2885
930
1652
1350
2276
1678
2287
1452
2781
4094
1651
4774
4653
991
990
2467
2826
1644
3029
993
3160
4224
3130
3131
3132
873
3228
1105
1763
2519
4716
3510
4715
3520
4549
2765
3211
4395
2635
4272
2098
4167
888
3076
1072
820
4512
4513
2103
1621
2657
1300
3393
2936
3229
3004
4118
1492
1491
1495
1496
1494
1497
4659
3290
3019
3291
3302
3158
2432
1074
2777
4808
4155
4497
4156
4551
3386
1586
4855
4138
4538
4621
4261
4262
2815
3093
3297
4259
1147
4871
1731
2454
2441
2438
3144
4667
3317
2730
1757
2750
1539
1538
1537
807
1230
1571
1567
911
3094
1044
1770
3337
2720
3338
1050
2784
4627
4136
3519
1638
3034
4725
1059
856
1924
2831
1782
2920
1152
1686
1151
1327
906
1137
1456
1180
1482
1647
950
4663
2901
3040
4824
2724
3041
2870
4227
1197
3190
4198
875
876
877
1628
880
1376
4602
4616
4255
2474
1669
3025
802
3098
1075
887
1362
4802
1196
4229
4843
937
1978
2291
4842
1144
1508
1890
4839
2791
1986
3252
1610
2921
3207
2632
4846
2127
3489
810
3151
2478
3148
4719
4572
3181
2785
3493
4392
3026
3011
3113
1367
4142
4143
1700
1484
878
1406
1405
4759
2759
2760
2758
1593
2738
2756
2737
2757
2606
4815
4530
3044
2880
3046
2817
1641
1642
1643
4805
1768
2356
4293
4795
1877
4820
1292
1699
1295
4241
4793
4794
4792
2968
1989
1828
1827
1899
4626
4671
1805
1020
2888
4672
2662
4175
4176
2537
1223
4405
1269
2878
3261
2876
4270
2966
1051
3030
4532
2638
3091
4560
4706
1536
1365
4478
1038
3024
2111
935
934
1540
2173
891
989
1802
3266
3031
1704
917
999
2526
2962
2278
2527
4159
2525
918
2523
2528
3517
2524
1838
4473
1835
4324
1014
3145
2992
4618
4619
3492
2953
4786
4523
1047
1048
1046
4878
3095
1369
1614
4315
4784
3156
3070
2739
2768
2957
2107
2907
2493
1766
2924
2818
2998
3448
3413
2532
4093
3479
4893
2774
1214
3118
1213
1326
4124
2480
1328
2482
1660
2481
3183
3147
1195
4228
2871
2959
3104
4464
3396
2919
2510
2511
2793
2509
2594
2595
2502
2994
4361
2621
4502
4360
2499
2944
2498
4501
3437
3417
4833
1688
2623
3161
3480
1623
4673
3167
1076
3166
4525
4240
4705
4197
4290
2008
2538
3434
4766
1533
2597
903
4480
3447
4393
3141
2465
4738
3039
3038
4660
2596
2928
4225
835
3346
2285
3293
1582
1584
3372
3187
1562
1558
2172
1722
4527
4854
1511
2275
4534
3269
3515
2822
4620
895
3301
3092
1708
4383
894
2813
4166
1531
949
3072
944
2231
3073
1219
1609
4289
3459
4483
4460
3138
4874
3175
4804
4739
2660
1339
3150
951
3245
3418
3071
4153
1481
4180
1935
4544
4665
3254
1224
1850
4458
2290
1635
4537
2515
811
1936
4819
2929
1379
4777
3146
3032
986
1631
1129
3037
1550
862
1081
1037
1183
2471
833
837
867
1547
1974
1549
2851
844
839
2188
2187
847
1971
851
840
1774
848
3366
3362
2912
3047
3048
4864
3487
4730
2475
961
1759
2773
1618
2842
1218
3333
4218
4817
4747
4385
3155
4832
1364
1836
4623
4818
4816
4179
1645
4273
953
2639
2802
1109
866
1055
4880
1804
3153
1693
2420
4129
4708
2516
2485
1692
1982
4186
3137
962
2922
3451
4845
4475
4850
4141
3065
854
4368
3086
4729
3171
4140
931
932
1293
855
1188
3460
996
980
929
1189
1187
974
955
957
1356
4866
1658
1355
4865
4165
3102
3018
4408
2728
2472
1116
1115
2786
4135
4521
4520
2955
4146
4352
1208
3119
2893
1207
4182
3136
3341
1489
3387
3258
2970
4787
1359
3049
1221
4169
4624
1894
4314
1242
4382
1548
1685
3263
1441
1580
1852
1071
2736
2803
4533
4600
1226
963
4599
1663
4552
4528
4207
4294
4675
3284
3445
4477
1234
1527
798
3477
3260
799
1408
1524
898
4254
3209
1712
4823
1543
1427
2513
2512
1523
907
899
904
4390
900
3169
2840
1952
4205
1613
4858
4726
2001
3157
1398
2484
4332
4472
4668
2884
4879
4877
4461
1397
1443
1471
2830
4171
4172
4425
1024
1937
4363
3389
4364
3280
4386
1413
3216
4652
3268
1303
3454
1305
2015
1304
2016
4539
1131
1146
4669
1215
2800
1603
4487
3443
871
834
3223
885
2796
4203
3235
1689
1973
1679
3236
3222
3397
2752
2808
3003
4875
4479
4181
2923
4780
2886
2918
2479
1345
1334
1346
1590
4775
1343
3152
2917
1341
1655
4758
3352
2619
1656
4722
1347
4732
1926
1371
2763
1598
2836
3232
1241
2913
4264
1311
3012
4838
4466
4096
4736
3442
3135
870
3134
3133
901
902
2993
3191
1588
2477
977
4710
1878
2624
2486
2627
2023
4837
4164
1403
4809
1296
2625
1885
1879
4753
3224
3246
4279
1599
1855
2216
1633
4813
4148
4812
4754
3505
4821
1022
1068
1268
1607
2943
1335
3170
3452
2112
1905
4500
920
2121
1526
4163
1360
814
2881
1015
2816
3264
4233
4570
4615
4503
1595
2547
2797
1450
2261
2265
1446
1447
1451
1445
2637
4158
2838
4856
3425
2980
2956
2195
1052
2196
4822
2464
2466
3149
2463
4282
4286
1665
4123
1659
1354
1040
1041
2041
3112
1431
3514
3478
2147
2521
1375
1368
1960
4372
3504
4763
1056
2288
2733
4844
2867
4391
4276
4872
1134
1179
1043
3282
2866
1025
4727
1576
3127
791
1750
1674
1509
4256
4788
4388
2902
3064
3036
2531
2514
4277
3010
2837
1411
2905
1798
2761
1469
1021
1900
3281
3329
1670
3126
1717
3506
4462
2009
1204
1342
1344
1648
1203
1622
3195
3020
3303
4463
3422
1077
3513
4400
3204
1627
1320
1316
1308
2969
1309
2017
1870
857
4656
1612
4216
2633
960
4542
952
1698
4422
3217
956
2823
4396
4801
3218
3350
2664
1583
995
3292
3518
4399
4217
4220
4285
4219
2549
2119
2630
1008
823
4299
4773
4300
4302
824
4529
4121
822
4271
965
1388
2947
2946
2522